# NEST version: master@c4a0daab5
# RecordingBackendASCII version: 2
sender	time_ms
5	14.600
7	14.900
9	14.600
11	14.200
16	14.900
27	13.900
32	13.800
48	14.100
50	15.000
1	16.300
2	16.100
3	15.500
6	16.000
10	16.100
13	15.500
14	16.400
15	16.200
23	16.200
30	15.700
33	15.400
34	16.200
35	16.000
44	15.800
46	15.700
47	15.600
19	16.700
12	19.300
18	22.600
28	23.200
41	22.600
4	24.800
8	25.400
26	24.700
40	29.700
20	30.400
25	30.900
21	32.500
22	31.700
31	32.800
38	32.200
36	34.400
39	34.400
42	33.400
49	33.900
43	37.200
10	38.300
24	39.100
44	42.300
3	44.200
9	44.900
27	43.700
33	44.700
37	43.700
45	45.000
11	46.200
29	45.500
32	45.100
17	47.100
16	49.400
30	49.300
34	48.300
48	49.400
1	50.400
13	51.000
15	49.900
46	50.300
20	52.700
28	52.800
35	52.700
7	54.800
12	54.400
23	54.100
50	54.900
6	56.200
2	57.400
18	57.700
19	57.200
22	57.500
42	57.800
47	58.400
8	59.800
25	58.600
41	59.600
26	60.700
21	65.300
31	65.800
49	65.500
10	67.500
40	66.800
14	68.800
24	68.400
36	68.700
4	69.100
5	69.800
38	69.500
3	73.600
9	74.300
37	75.900
39	78.900
27	79.700
28	81.000
32	80.600
33	79.800
43	79.900
6	81.600
17	82.300
25	82.100
45	82.000
13	82.900
15	85.500
47	85.000
1	86.700
19	86.000
30	86.900
2	87.700
8	88.500
21	87.600
34	87.200
11	88.700
20	88.800
29	89.500
35	89.700
46	90.000
23	90.500
41	90.200
44	90.300
50	91.400
12	92.400
18	92.600
42	92.700
26	93.500
3	97.100
16	97.300
22	98.000
14	100.300
48	99.200
49	99.300
38	101.000
40	102.000
7	102.900
10	102.400
24	103.700
36	105.400
5	107.900
17	108.400
32	108.100
19	110.100
37	110.600
4	115.100
9	115.100
33	114.200
6	115.700
13	115.700
21	115.800
31	115.900
45	116.500
29	117.200
2	119.300
27	119.600
39	119.000
42	119.900
43	118.600
47	119.900
15	121.000
28	121.500
34	120.300
50	121.200
30	121.700
41	123.600
1	125.800
35	125.600
18	126.300
22	126.700
26	126.900
8	127.900
11	128.200
20	128.800
23	127.700
44	129.800
46	130.500
12	132.500
16	133.200
25	132.800
3	134.300
7	134.100
24	134.000
32	136.400
38	135.900
48	135.200
49	135.900
40	136.800
10	138.100
17	139.200
21	140.200
5	141.700
9	141.700
36	143.300
37	143.000
13	145.200
14	145.400
45	147.000
4	148.600
31	148.600
35	148.800
39	149.600
41	150.000
29	151.500
33	152.800
34	152.700
19	153.500
30	154.300
7	155.800
8	155.100
43	155.000
27	157.100
28	156.200
42	157.100
6	159.300
11	159.500
44	160.300
1	161.800
22	161.100
49	160.600
50	162.000
12	162.600
40	162.300
23	164.500
26	165.300
36	167.800
46	167.400
3	168.900
47	168.200
48	168.200
2	169.800
5	171.000
18	170.800
20	171.000
21	170.900
32	170.200
16	172.300
17	171.100
38	171.600
35	174.800
10	176.500
31	176.500
45	176.200
9	178.000
24	177.600
1	180.500
33	181.600
37	182.400
39	181.700
8	183.100
30	184.600
15	186.400
4	188.800
11	188.600
13	188.600
25	189.000
28	187.800
42	188.700
14	190.400
29	190.500
34	190.200
40	190.300
49	189.800
12	191.600
19	190.600
41	192.900
43	193.000
3	193.700
26	194.700
27	193.700
36	194.600
5	196.000
23	195.100
50	195.400
47	197.200
2	199.700
6	200.900
21	199.800
48	200.300
20	201.200
7	203.500
22	202.600
38	204.000
16	204.600
45	204.600
18	205.900
24	208.000
35	207.900
44	207.100
9	209.700
15	209.700
17	209.600
25	209.700
31	209.400
32	209.400
10	210.900
39	210.900
1	211.900
8	212.300
33	212.600
46	213.100
49	213.200
13	218.400
28	218.200
19	221.900
30	221.900
37	223.300
11	224.000
43	224.800
3	225.900
12	225.600
29	225.200
41	226.600
50	227.200
18	228.300
20	228.800
2	230.100
4	230.600
7	230.800
22	230.500
27	230.400
36	230.300
48	230.500
23	232.100
34	231.200
40	232.000
38	233.500
6	234.100
21	235.000
26	235.100
44	234.800
42	236.300
45	235.900
5	237.600
16	237.600
47	237.900
14	239.300
15	238.900
28	241.100
1	242.600
9	243.800
11	243.200
32	243.600
46	243.300
8	245.600
25	244.600
35	244.800
31	246.600
10	248.100
17	249.800
33	249.500
49	250.400
13	250.900
39	255.800
22	260.400
5	261.200
23	262.400
24	261.500
29	262.300
50	261.600
7	263.000
3	264.600
4	265.300
12	265.200
18	264.900
20	265.500
21	264.700
30	264.700
15	266.600
27	266.700
34	266.700
41	266.400
43	266.400
45	266.800
6	267.600
19	267.300
40	267.400
44	267.500
11	268.600
42	268.900
2	270.100
14	270.500
37	270.500
16	271.900
28	272.400
36	274.100
47	273.500
38	275.100
1	277.300
26	280.000
35	280.400
46	279.800
48	279.900
9	282.200
25	282.400
10	284.900
31	283.900
17	286.000
32	285.500
13	286.800
22	287.500
33	289.500
39	290.100
12	292.000
24	292.500
49	291.900
2	293.300
23	293.600
37	293.300
44	293.200
45	293.700
50	292.600
8	295.300
27	294.100
36	295.600
29	297.500
40	299.900
1	301.400
7	301.400
18	301.200
30	300.700
19	302.900
20	302.600
21	302.900
48	302.000
4	303.100
6	303.100
15	304.200
28	304.200
3	305.900
5	305.200
34	304.600
38	305.300
42	304.700
16	306.300
26	306.300
43	307.400
11	309.500
10	311.600
14	311.500
41	310.600
47	312.400
9	313.700
17	315.200
35	315.900
22	317.500
25	318.000
8	318.300
31	319.000
12	320.900
46	319.900
24	322.600
36	323.000
39	322.600
1	325.500
13	324.900
23	325.300
50	325.100
7	326.500
37	325.900
43	327.000
44	325.800
19	327.700
33	327.300
34	331.100
40	331.000
15	332.200
16	331.600
45	332.700
49	331.900
21	333.100
27	333.700
26	336.200
29	336.300
3	338.700
6	338.600
18	338.800
20	338.200
30	338.300
32	338.500
4	339.600
28	340.000
5	344.500
35	344.000
48	344.100
11	345.300
38	345.200
39	346.400
2	346.900
9	347.300
22	348.400
41	348.600
42	348.200
17	350.900
47	350.600
14	352.500
25	351.400
31	351.500
1	352.700
12	354.000
45	352.900
40	354.200
46	354.200
37	358.500
43	357.400
44	358.400
23	359.000
32	361.000
33	361.000
36	361.300
49	360.200
8	362.100
10	361.900
21	362.200
34	362.500
18	364.400
4	366.500
19	366.600
24	366.200
30	366.900
26	368.200
3	369.600
7	370.500
15	370.300
16	370.100
13	371.000
29	370.800
27	372.200
50	373.300
5	373.800
6	373.600
28	374.100
48	374.800
40	377.700
2	378.200
38	378.100
9	380.800
22	380.700
39	379.700
11	382.600
20	382.700
25	383.900
42	383.400
35	384.900
43	385.100
1	386.000
10	385.900
26	386.700
41	386.700
47	385.900
8	387.800
17	387.900
36	388.500
37	387.300
45	388.200
44	389.300
3	393.900
12	395.600
31	395.200
2	397.500
14	397.300
23	396.600
30	396.500
38	396.200
13	398.700
18	397.600
21	398.000
32	398.800
7	399.800
16	400.000
24	400.400
49	400.900
39	402.900
46	403.400
5	404.400
19	404.900
25	404.500
33	404.900
4	405.500
15	405.200
29	406.100
22	406.600
1	408.600
6	408.300
8	408.500
34	408.400
50	408.400
37	412.300
48	413.200
9	416.500
10	416.500
11	416.000
27	416.600
40	416.200
45	415.600
17	417.600
41	417.400
42	417.200
26	420.000
28	419.300
20	421.500
36	420.600
44	421.400
47	420.200
43	421.600
38	424.600
12	427.100
19	426.200
32	427.200
35	426.600
14	427.900
21	430.000
49	430.200
3	431.200
18	430.900
16	432.900
7	433.700
13	433.900
24	433.900
30	435.500
33	436.000
46	435.700
22	436.700
23	437.100
25	437.900
8	439.000
15	438.500
31	438.600
4	440.700
39	439.800
1	441.500
2	443.500
17	443.500
29	443.700
37	443.800
45	442.600
5	447.900
6	448.500
27	447.700
9	449.300
11	449.800
34	449.500
40	449.900
48	449.700
10	450.300
36	450.200
28	452.400
26	453.300
47	455.900
18	456.600
38	457.300
49	456.900
20	458.600
41	458.700
19	461.500
3	462.400
12	462.700
21	462.900
43	463.500
50	462.200
4	464.400
13	464.000
16	464.900
23	464.200
30	465.000
14	465.200
22	465.900
32	465.300
24	467.400
33	469.400
44	468.500
15	469.900
5	472.000
8	472.400
7	473.000
25	473.100
31	473.600
42	473.600
35	474.400
2	475.700
39	476.900
46	476.900
29	479.400
45	479.400
16	481.100
26	481.100
28	480.500
37	481.200
40	480.700
49	480.500
6	482.500
17	482.800
34	481.700
36	482.700
48	481.600
10	483.700
11	484.400
27	484.000
50	485.500
47	486.300
38	488.000
9	490.400
3	493.300
32	493.000
41	492.600
13	493.900
30	493.900
43	494.100
12	495.300
18	497.500
1	499.400
4	499.500
14	498.200
19	500.100
2	501.400
21	502.300
39	502.200
15	502.800
23	504.600
24	504.400
44	505.400
5	506.400
22	506.200
37	506.100
8	507.400
20	507.100
33	507.500
17	510.600
26	510.300
31	511.200
49	511.500
7	512.000
25	511.800
29	511.800
35	512.400
42	511.900
45	512.100
11	514.100
28	516.500
46	516.100
48	516.800
10	518.900
36	517.600
38	517.700
6	519.300
16	520.000
40	519.300
27	521.200
50	521.400
47	526.200
41	527.800
3	528.500
9	529.300
12	529.500
13	528.700
14	528.700
44	529.200
4	530.400
15	531.000
30	530.200
34	530.900
19	532.500
43	532.300
1	532.900
2	533.900
20	533.300
21	534.500
32	534.700
39	535.900
38	537.300
5	538.600
18	539.800
22	539.300
33	539.600
24	540.700
26	540.100
23	542.000
35	543.900
7	545.800
8	546.300
28	548.800
36	548.900
11	549.400
49	549.100
42	550.900
45	550.800
10	552.300
31	552.900
37	552.500
47	553.100
50	552.300
48	554.400
25	555.200
27	555.200
40	557.400
46	557.200
6	559.500
16	558.500
20	558.300
21	559.500
29	558.600
15	560.900
19	559.800
3	562.300
32	561.800
13	563.800
2	564.900
9	565.400
14	564.700
34	565.200
4	566.000
43	566.700
44	566.000
1	568.300
5	568.300
30	568.500
39	567.600
41	567.200
24	571.800
17	573.400
18	573.800
38	573.900
22	574.800
23	576.800
35	576.200
12	579.300
26	580.100
33	580.700
27	584.100
7	586.300
28	585.300
44	585.200
3	586.600
2	589.200
31	589.400
40	588.100
6	590.500
8	590.300
19	590.900
25	590.400
10	591.300
11	591.200
16	591.200
32	591.400
46	591.800
47	591.200
21	593.900
36	593.200
42	592.800
45	594.000
49	592.600
50	592.800
15	594.500
9	595.600
29	597.000
13	597.800
24	597.200
38	598.000
4	599.800
48	599.200
20	601.200
37	601.700
41	602.200
23	604.500
43	604.900
14	606.900
1	608.300
5	609.000
17	608.600
18	609.700
22	609.100
12	612.700
39	613.300
34	614.600
44	614.500
3	616.400
27	615.100
33	616.500
6	616.800
35	617.700
7	618.600
26	618.500
31	618.700
28	620.100
50	621.200
8	622.600
37	623.800
9	624.200
10	624.100
38	625.100
49	624.900
30	625.700
40	626.200
11	628.300
32	628.500
42	627.900
46	628.300
2	629.600
20	628.700
25	629.500
43	629.600
47	629.800
19	630.600
36	630.800
23	632.700
48	631.800
45	634.200
15	636.600
29	639.000
41	638.900
4	639.300
16	639.400
24	639.100
34	640.100
1	643.500
18	642.200
3	643.700
22	643.900
12	646.400
21	645.700
28	646.200
5	647.200
35	647.900
14	648.400
33	649.200
27	649.800
6	652.500
17	652.200
38	652.000
44	652.000
7	653.100
11	655.100
19	654.600
37	654.800
9	657.400
39	657.900
8	658.700
25	659.400
26	659.700
36	659.800
50	659.000
13	661.200
32	662.400
2	663.200
10	663.200
30	663.700
31	663.400
45	664.200
47	663.900
41	665.900
20	668.100
24	669.300
23	670.800
49	670.700
15	673.100
40	673.400
43	672.300
4	674.300
16	673.600
34	674.800
29	675.900
35	676.500
46	676.400
48	675.500
19	677.300
5	678.300
27	679.400
44	678.500
3	680.500
12	681.000
14	680.400
18	680.100
21	682.500
28	682.300
42	682.300
8	684.800
11	684.200
17	685.100
50	685.400
2	688.000
22	687.800
7	689.800
33	689.000
37	689.000
9	692.800
10	692.700
36	691.900
41	693.800
1	695.700
25	694.700
38	695.000
13	697.800
26	697.800
39	698.700
45	698.300
31	700.400
47	699.300
24	700.700
34	701.200
23	703.600
43	704.700
48	704.500
14	706.200
40	705.300
42	706.300
29	707.100
35	707.900
46	706.600
12	708.800
15	709.000
32	709.200
49	709.400
6	710.000
11	710.900
19	710.500
27	710.000
3	711.200
4	712.500
20	712.300
30	711.400
18	712.700
44	712.700
21	714.100
17	718.800
28	720.000
45	719.900
22	720.400
38	721.300
5	721.600
16	722.600
33	721.700
50	722.600
2	723.100
8	725.400
9	725.500
37	725.300
1	728.900
7	727.800
20	728.200
25	728.900
31	728.200
36	728.300
41	728.000
10	729.400
26	730.300
39	729.400
40	730.700
43	730.700
11	733.300
24	733.000
15	734.300
47	736.000
6	736.600
32	737.600
35	738.000
46	737.700
12	741.700
19	742.000
23	742.400
29	742.000
48	741.900
22	743.000
27	742.600
30	743.100
3	745.500
42	744.500
4	746.900
18	748.200
49	747.400
14	748.600
21	749.000
44	749.600
28	751.300
34	750.500
41	750.600
13	751.700
17	753.800
9	754.700
16	755.100
50	755.200
33	757.100
37	758.900
6	759.100
10	760.300
25	760.400
26	760.200
39	760.000
20	760.700
1	762.200
5	762.900
15	763.500
38	762.300
2	763.600
36	764.500
43	764.200
7	765.900
31	765.500
40	765.900
8	768.500
11	768.800
24	768.500
47	769.300
23	769.800
35	772.100
27	773.900
3	774.400
29	775.400
32	775.100
22	776.200
28	775.700
45	777.000
46	776.800
48	776.800
19	777.900
41	778.200
4	779.600
12	779.600
30	779.400
44	781.500
18	781.900
49	783.000
16	784.500
21	785.100
17	786.900
33	786.100
50	787.200
2	788.600
34	788.200
38	788.100
20	789.600
39	789.800
10	792.500
26	793.300
9	793.900
13	795.100
25	796.000
37	795.400
42	795.500
43	795.300
1	797.500
14	797.100
23	796.800
36	797.300
15	798.600
40	798.400
31	800.200
5	803.500
6	803.900
7	804.000
28	804.400
47	804.600
8	806.500
19	807.000
41	806.300
45	807.000
3	807.600
35	807.600
11	808.800
18	808.800
24	809.000
27	809.700
29	808.700
32	809.300
38	809.200
43	809.600
46	808.800
22	810.500
48	811.500
50	812.600
17	814.000
30	813.200
4	816.600
44	817.300
21	818.900
16	821.800
42	822.800
19	825.700
20	825.500
33	825.800
34	825.800
12	826.600
40	828.900
13	829.900
39	829.600
23	832.400
2	833.000
14	833.200
17	833.800
25	833.100
26	833.800
31	833.000
36	833.700
6	835.200
10	835.200
28	834.700
41	834.100
1	836.000
45	836.200
47	836.400
9	837.400
15	837.800
5	838.600
22	839.700
18	841.300
38	841.500
43	841.100
27	842.700
49	842.600
29	844.400
48	844.000
3	844.900
21	845.100
30	845.400
37	845.000
46	845.100
4	846.700
44	847.000
50	848.600
7	849.300
8	849.700
24	849.700
32	849.900
35	851.400
11	857.200
19	856.700
20	857.000
33	859.500
42	859.000
16	860.300
25	859.800
17	862.100
23	861.500
26	862.500
2	862.800
9	862.700
12	862.800
29	864.700
45	865.500
1	867.000
36	866.100
39	866.700
40	866.200
14	868.000
15	867.500
28	867.600
31	868.000
27	869.400
41	868.800
7	870.700
34	871.300
10	872.100
6	873.400
21	874.200
43	874.200
49	873.900
47	876.000
48	875.900
13	878.700
50	878.400
32	880.500
4	885.800
8	885.500
20	886.500
24	886.500
44	885.800
5	888.000
18	887.800
30	886.900
37	887.100
38	888.000
46	886.800
22	888.300
35	890.900
11	891.700
12	891.400
16	891.600
25	891.500
3	893.100
19	892.900
33	892.900
23	894.700
31	895.500
2	895.600
29	896.000
34	896.100
6	901.200
7	901.100
9	901.000
15	900.500
27	900.800
42	900.300
14	901.900
28	902.300
10	904.500
36	903.400
17	905.300
46	906.800
49	906.600
1	909.000
8	908.900
45	908.800
24	909.400
26	909.100
39	910.000
48	910.500
32	911.800
43	910.900
44	910.600
47	912.800
21	913.800
40	914.500
13	916.000
22	915.600
35	915.700
38	915.500
50	915.900
12	917.900
20	916.900
41	916.800
5	918.400
33	920.300
4	921.900
16	924.000
18	923.000
3	924.900
30	924.900
37	925.000
6	926.100
7	926.200
23	926.500
29	929.600
28	930.300
2	934.200
25	934.100
19	935.300
31	937.300
46	937.200
11	938.000
14	937.700
36	938.900
42	938.200
44	938.400
1	939.700
9	940.500
10	940.300
17	939.900
49	940.500
8	940.700
45	943.200
27	943.700
5	948.000
32	946.700
34	947.700
35	947.900
39	947.200
24	949.300
26	948.600
43	948.400
15	949.900
47	950.700
16	951.700
21	952.000
38	952.100
4	953.900
18	953.700
40	954.000
20	954.800
22	954.300
41	954.100
50	955.300
33	956.000
48	956.500
6	957.800
12	958.300
23	958.400
13	959.300
37	959.200
7	961.000
30	964.300
28	964.600
29	965.600
14	967.400
19	967.300
36	966.900
42	966.800
3	967.700
46	968.100
31	970.300
38	973.800
44	974.600
47	974.400
1	975.800
2	976.300
10	976.300
34	975.600
48	975.400
49	975.500
25	976.600
27	976.700
39	978.000
9	978.300
11	979.000
45	978.500
33	979.800
20	982.300
24	981.500
32	982.700
41	983.500
16	984.700
18	986.900
3	988.400
8	988.000
21	987.200
26	988.400
40	988.300
43	987.100
50	987.800
4	989.400
7	989.800
22	989.500
12	991.300
15	990.500
6	994.300
17	993.300
5	994.900
35	994.700
36	994.900
46	995.800
13	996.500
14	998.000
19	998.800
37	997.600
38	998.100
