# NEST version: master@c4a0daab5
# RecordingBackendASCII version: 2
sender	time_ms
10008	13.400
10012	14.600
10030	14.800
10032	15.000
10001	16.200
10006	15.100
10009	15.400
10016	16.500
10019	15.100
10026	15.500
10034	15.500
10036	15.700
10037	16.200
10040	16.000
10042	15.600
10043	16.300
10045	15.600
10047	15.500
10050	15.900
10041	23.400
10033	24.200
10038	24.200
10039	26.200
10003	27.800
10004	27.400
10013	28.100
10014	27.400
10028	27.700
10007	29.500
10021	29.700
10023	30.000
10044	29.400
10024	30.900
10025	31.000
10035	31.100
10010	33.300
10015	35.300
10002	37.100
10011	36.800
10017	37.200
10047	37.200
10049	36.600
10027	37.600
10029	37.800
10032	37.700
10048	38.500
10050	38.400
10012	40.000
10005	41.200
10031	41.500
10026	43.100
10008	43.800
10016	43.900
10018	43.900
10030	44.800
10043	44.100
10045	43.800
10022	45.700
10033	46.300
10001	46.800
10020	47.600
10019	48.700
10028	49.200
10037	48.200
10046	48.100
10042	49.600
10009	52.100
10004	53.100
10025	54.100
10003	55.900
10006	57.500
10039	58.400
10024	59.600
10041	59.100
10050	59.800
10013	60.600
10044	60.500
10036	63.000
10007	63.900
10035	63.600
10014	66.000
10034	64.800
10021	67.400
10023	67.400
10038	66.100
10040	67.400
10047	66.100
10011	68.000
10015	68.600
10029	68.400
10010	70.300
10018	69.300
10031	69.600
10002	71.200
10049	70.800
10017	73.900
10027	74.500
10045	74.800
10016	75.300
10046	76.100
10048	75.400
10009	77.900
10008	78.600
10033	78.300
10005	80.200
10030	80.000
10012	81.800
10022	81.400
10028	82.000
10032	82.300
10037	82.100
10020	82.700
10026	82.600
10042	85.400
10006	86.800
10024	86.900
10025	86.000
10013	87.500
10018	87.400
10004	90.300
10039	90.600
10044	91.100
10003	92.800
10036	92.300
10043	91.600
10050	94.500
10007	96.600
10023	96.900
10011	98.000
10014	97.900
10035	97.600
10001	101.900
10031	100.900
10034	101.200
10038	100.600
10002	103.200
10021	102.200
10029	102.900
10040	102.200
10005	104.800
10016	105.000
10041	103.700
10048	104.700
10009	105.500
10019	105.400
10045	105.500
10010	107.100
10020	107.400
10047	106.900
10049	107.300
10017	109.300
10027	108.300
10026	109.800
10008	112.100
10015	111.700
10025	113.200
10033	114.500
10012	116.300
10003	118.300
10018	117.400
10024	118.200
10028	118.300
10030	117.200
10037	118.200
10042	119.200
10006	122.700
10046	122.600
10022	123.400
10039	123.100
10050	123.700
10004	125.300
10044	125.200
10011	126.900
10027	126.300
10032	127.300
10023	128.900
10029	128.500
10005	130.100
10010	129.800
10013	130.100
10014	129.500
10036	129.600
10040	129.900
10043	129.100
10007	131.800
10048	133.000
10021	136.200
10035	135.900
10038	135.800
10001	136.700
10020	136.900
10033	137.500
10017	140.700
10015	142.400
10047	142.000
10009	143.700
10016	143.400
10026	143.800
10049	144.200
10002	145.800
10041	146.400
10018	148.400
10019	147.500
10025	147.500
10003	151.000
10034	150.600
10037	151.200
10045	151.400
10024	153.500
10039	153.600
10008	154.800
10042	155.800
10046	155.100
10006	156.700
10028	156.600
10031	156.500
10029	157.700
10030	158.000
10004	159.700
10012	159.700
10022	159.600
10050	160.100
10005	160.700
10014	160.600
10023	161.800
10044	161.900
10047	161.300
10010	162.200
10013	162.600
10032	163.400
10035	162.400
10036	163.500
10027	165.900
10038	167.500
10011	168.300
10021	168.700
10048	168.800
10007	170.300
10020	171.000
10043	169.800
10001	172.500
10040	172.000
10015	174.600
10018	175.100
10026	174.300
10049	177.000
10002	177.600
10009	178.000
10041	179.700
10016	180.700
10034	180.600
10017	182.700
10024	183.200
10003	186.000
10008	186.200
10012	187.400
10005	187.900
10028	188.800
10033	187.600
10037	189.000
10039	188.900
10042	188.200
10050	188.300
10025	189.600
10004	191.300
10010	191.900
10046	191.800
10029	193.000
10031	192.200
10035	192.100
10044	193.100
10040	193.600
10047	193.800
10019	195.900
10021	196.300
10045	195.200
10026	197.900
10014	198.900
10006	199.700
10007	201.000
10013	200.700
10015	201.400
10020	202.300
10036	202.100
10009	203.300
10022	202.600
10023	203.900
10027	203.600
10048	203.500
10032	204.100
10034	205.700
10011	207.300
10030	208.400
10018	209.700
10038	209.000
10049	209.700
10016	210.600
10017	210.500
10041	212.700
10043	212.800
10024	215.000
10029	217.500
10042	217.300
10008	219.000
10012	217.600
10037	218.000
10028	220.200
10046	221.100
10050	221.800
10003	222.800
10022	222.300
10025	223.500
10033	223.000
10039	223.200
10040	222.200
10019	223.700
10031	224.700
10004	225.900
10026	225.500
10001	227.100
10002	226.800
10021	227.000
10035	226.600
10005	229.200
10020	228.600
10044	228.700
10036	230.600
10032	233.500
10006	234.600
10011	234.900
10010	236.600
10014	236.700
10017	237.000
10018	237.500
10047	238.200
10015	239.600
10007	240.600
10009	241.200
10023	240.100
10038	242.400
10045	242.400
10013	244.100
10030	243.800
10016	246.000
10040	244.600
10041	245.300
10048	246.800
10049	246.300
10025	250.400
10027	249.600
10029	249.900
10034	250.200
10043	249.300
10024	251.900
10050	251.800
10003	252.400
10037	254.800
10042	254.500
10004	255.900
10008	256.500
10012	256.400
10019	255.200
10031	255.100
10035	257.700
10036	256.600
10046	256.600
10018	260.300
10020	260.700
10022	259.900
10032	260.400
10026	261.900
10033	261.500
10021	262.600
10028	262.600
10011	265.400
10017	265.000
10039	264.100
10001	266.200
10005	265.700
10007	268.200
10009	267.900
10043	267.800
10006	272.200
10044	274.100
10002	275.100
10038	275.000
10014	277.300
10016	276.200
10023	277.000
10027	276.900
10045	276.500
10030	278.900
10040	278.800
10025	279.600
10046	279.500
10047	279.500
10048	279.700
10003	282.300
10010	283.400
10015	284.500
10029	284.600
10049	284.300
10008	286.400
10013	286.400
10034	285.600
10036	285.700
10024	286.800
10026	287.500
10021	289.500
10004	291.000
10012	289.700
10019	290.900
10031	289.800
10035	289.800
10041	290.600
10018	291.400
10032	292.200
10033	293.800
10042	293.000
10045	293.500
10005	294.300
10050	294.400
10020	296.100
10037	298.400
10028	301.300
10043	300.200
10007	303.000
10009	301.600
10011	302.100
10017	301.900
10047	302.200
10022	303.900
10027	303.100
10034	303.100
10001	305.600
10002	305.400
10003	307.500
10014	310.900
10040	310.900
10044	311.500
10048	311.700
10006	312.700
10008	313.400
10038	312.800
10039	312.700
10023	315.000
10026	314.300
10030	313.800
10016	316.300
10015	318.200
10024	318.300
10025	319.400
10036	318.900
10049	318.400
10031	319.900
10004	321.900
10018	321.400
10019	322.100
10029	322.500
10005	323.900
10013	323.100
10035	323.400
10046	322.700
10020	325.500
10033	325.000
10045	324.800
10012	326.600
10017	326.000
10022	326.600
10041	325.600
10034	328.700
10042	329.900
10032	330.900
10047	334.400
10027	335.600
10011	337.500
10043	337.000
10028	338.600
10050	337.600
10002	340.000
10003	339.700
10007	340.300
10010	340.400
10021	341.700
10004	343.600
10015	344.600
10039	344.700
10048	343.700
10026	345.400
10044	346.100
10008	347.700
10014	347.100
10006	349.300
10030	349.100
10046	348.900
10038	350.200
10018	352.200
10019	351.700
10023	351.700
10024	352.200
10033	351.900
10040	352.000
10016	353.400
10035	353.100
10042	352.900
10049	353.000
10050	352.800
10009	356.500
10020	355.700
10045	356.200
10001	357.300
10005	357.500
10017	358.500
10022	357.300
10041	357.100
10029	359.700
10012	361.000
10013	361.500
10034	360.300
10027	363.000
10031	361.700
10037	364.100
10007	365.000
10025	367.000
10047	367.800
10028	371.400
10032	371.400
10036	371.100
10043	371.900
10002	375.000
10003	376.000
10010	376.100
10018	377.100
10021	376.800
10024	377.800
10015	378.800
10030	378.900
10039	378.500
10008	380.900
10014	380.200
10016	379.700
10023	380.900
10006	382.500
10011	383.800
10042	382.600
10044	383.600
10001	386.400
10007	387.000
10019	385.700
10033	385.800
10041	385.800
10046	386.300
10049	386.900
10050	386.600
10009	387.800
10013	387.900
10026	388.100
10032	388.000
10040	387.100
10047	388.100
10048	388.400
10027	388.900
10035	388.600
10038	389.500
10045	389.000
10004	390.400
10017	392.800
10029	392.600
10005	393.300
10012	394.700
10028	395.100
10034	396.100
10031	399.700
10022	401.000
10037	401.000
10002	403.700
10018	406.000
10001	407.900
10003	406.900
10020	407.000
10024	407.900
10043	406.700
10013	408.900
10021	408.700
10025	408.100
10036	410.600
10039	410.500
10030	412.800
10011	415.200
10006	416.000
10014	416.600
10042	415.700
10044	416.400
10047	416.100
10050	416.100
10015	417.300
10019	417.500
10048	418.500
10016	418.600
10023	419.500
10046	420.000
10009	420.700
10040	420.200
10049	421.400
10007	423.000
10008	421.800
10017	421.800
10045	422.500
10004	424.000
10026	425.800
10031	425.900
10033	424.800
10005	427.000
10027	427.500
10032	426.200
10034	426.500
10010	427.700
10029	428.500
10038	428.900
10001	430.200
10002	430.100
10041	430.300
10012	431.900
10035	433.100
10022	435.000
10037	434.000
10043	434.100
10003	438.000
10028	438.000
10014	438.500
10036	439.900
10021	442.900
10024	444.900
10006	448.300
10013	448.200
10018	447.200
10023	449.700
10025	449.700
10039	448.900
10042	449.500
10044	450.000
10048	448.700
10033	450.300
10047	451.300
10026	451.900
10017	453.300
10030	454.200
10009	455.500
10019	455.400
10032	456.000
10011	456.300
10015	457.100
10016	457.100
10046	457.100
10004	457.900
10005	457.700
10007	458.000
10008	458.300
10031	458.500
10034	458.700
10050	458.600
10020	460.100
10029	459.400
10040	460.100
10010	462.800
10041	462.800
10049	463.400
10027	464.400
10038	463.700
10045	465.000
10028	465.300
10043	466.200
10001	467.800
10002	467.700
10037	469.800
10012	471.800
10014	471.800
10035	471.700
10013	473.800
10024	472.900
10046	475.700
10048	475.900
10003	477.400
10033	478.400
10018	479.600
10021	478.800
10022	479.400
10030	479.900
10042	479.800
10025	481.000
10034	481.500
10036	481.100
10005	481.900
10023	482.300
10044	482.200
10047	483.000
10004	484.300
10016	484.200
10019	484.200
10026	483.900
10031	483.100
10039	483.500
10017	486.900
10050	487.100
10006	488.700
10020	488.400
10015	489.400
10007	491.000
10011	491.400
10045	492.100
10008	494.100
10040	494.000
10002	495.300
10009	495.700
10049	496.400
10032	496.800
10001	498.400
10037	500.700
10043	500.500
10027	502.500
10028	501.900
10029	501.200
10048	502.100
10012	504.000
10024	502.700
10021	504.800
10010	506.300
10014	505.800
10013	507.900
10035	507.300
10041	510.000
10042	508.900
10005	511.100
10023	511.300
10034	511.400
10046	510.300
10003	511.800
10018	511.800
10026	513.000
10036	512.200
10038	511.600
10016	513.400
10022	514.500
10033	513.500
10039	515.800
10030	517.200
10007	517.600
10019	518.600
10025	518.900
10002	520.500
10004	519.500
10015	520.800
10020	521.700
10031	520.700
10044	521.700
10040	522.800
10047	523.300
10017	528.200
10032	528.900
10045	529.400
10050	528.900
10011	530.000
10029	530.300
10049	530.300
10008	532.300
10021	532.500
10010	532.600
10027	533.800
10009	535.300
10048	534.500
10028	536.500
10001	538.700
10006	540.600
10012	540.200
10020	541.400
10024	541.100
10035	541.300
10037	541.200
10005	542.500
10015	542.500
10018	541.900
10043	541.800
10016	544.100
10023	544.000
10013	546.000
10034	545.800
10014	546.500
10033	547.100
10038	546.100
10042	547.400
10046	546.900
10050	547.300
10022	549.000
10007	549.100
10039	549.700
10040	549.600
10003	551.800
10036	551.100
10041	552.200
10004	553.600
10019	554.900
10029	556.400
10047	555.900
10026	557.600
10049	558.100
10006	560.300
10010	559.700
10025	559.900
10030	559.900
10031	560.800
10032	560.200
10027	562.100
10012	563.500
10008	565.400
10015	566.700
10045	565.800
10001	569.300
10024	569.200
10028	569.900
10035	572.300
10048	571.700
10005	573.400
10013	575.900
10021	574.700
10037	575.500
10002	577.500
10007	576.900
10011	577.100
10017	576.300
10042	576.500
10009	577.800
10018	577.800
10029	578.800
10038	578.800
10020	580.100
10034	579.500
10039	579.900
10043	580.000
10046	579.400
10050	579.300
10016	580.900
10023	581.800
10040	580.600
10044	583.700
10049	586.400
10003	587.700
10010	586.700
10036	587.900
10041	587.200
10022	589.500
10026	588.400
10030	589.200
10024	590.400
10033	590.000
10047	590.200
10014	591.600
10025	592.000
10008	593.700
10019	593.700
10032	593.600
10035	592.800
10031	594.200
10027	595.700
10004	599.600
10016	598.600
10028	599.600
10012	600.800
10015	601.400
10021	602.300
10045	604.200
10006	605.100
10042	608.400
10050	608.500
10001	610.200
10013	610.500
10017	610.000
10023	609.900
10037	609.800
10002	610.600
10018	611.700
10048	610.600
10020	613.400
10041	612.400
10005	614.700
10011	614.700
10040	614.300
10007	616.500
10009	615.700
10043	615.200
10046	616.500
10049	615.200
10030	618.000
10036	617.900
10038	617.100
10008	619.800
10033	620.400
10039	620.200
10025	621.300
10034	621.800
10024	624.200
10026	626.700
10031	626.800
10003	628.400
10044	629.000
10047	629.500
10010	631.200
10042	630.200
10029	632.400
10021	633.400
10001	636.000
10035	636.900
10050	637.400
10004	638.600
10014	638.300
10016	638.000
10002	640.100
10007	639.900
10012	639.800
10019	640.300
10022	640.000
10028	639.700
10006	641.000
10015	640.600
10020	640.800
10023	641.200
10027	640.800
10032	641.100
10038	643.100
10018	643.600
10040	644.900
10013	646.200
10043	645.300
10037	646.800
10041	647.700
10030	648.100
10048	649.200
10049	648.700
10005	649.900
10033	650.700
10009	652.500
10017	651.200
10036	651.400
10046	652.400
10008	652.900
10034	652.600
10039	653.600
10045	653.500
10026	654.500
10029	656.900
10044	657.400
10010	661.200
10024	660.500
10031	660.100
10047	660.900
10011	662.800
10035	663.600
10007	665.100
10022	665.500
10027	664.800
10021	668.300
10025	668.200
10042	667.800
10001	670.000
10003	669.900
10050	669.800
10015	672.000
10002	673.200
10012	673.000
10016	672.100
10018	673.100
10005	674.300
10014	674.000
10023	674.300
10006	675.800
10020	676.200
10028	675.400
10032	675.600
10019	677.900
10038	678.000
10040	676.900
10037	679.700
10039	681.000
10043	680.300
10048	680.500
10017	681.100
10034	681.400
10041	681.600
10013	682.800
10033	683.700
10045	682.700
10049	682.600
10047	684.100
10004	688.500
10046	687.200
10011	690.000
10029	689.400
10030	689.200
10010	691.200
10026	691.000
10036	691.300
10031	693.200
10008	694.600
10020	695.300
10027	695.000
10007	696.700
10009	698.900
10022	698.700
10015	700.100
10044	699.400
10018	700.800
10024	701.300
10032	701.800
10025	703.200
10035	702.800
10001	704.900
10028	704.800
10038	703.600
10005	705.600
10006	705.600
10040	706.500
10043	706.400
10002	707.000
10003	707.500
10021	707.700
10050	708.000
10023	709.500
10034	708.200
10048	710.300
10012	711.400
10041	712.100
10049	711.400
10042	712.700
10013	714.200
10039	714.600
10033	716.300
10047	718.400
10014	720.000
10016	719.700
10017	719.200
10020	720.000
10026	719.300
10045	719.400
10019	721.500
10037	720.300
10011	722.200
10036	723.900
10029	725.300
10004	726.300
10041	729.300
10046	731.700
10010	732.500
10015	732.900
10025	732.800
10027	733.000
10030	732.800
10009	734.600
10018	735.000
10021	733.800
10040	736.200
10022	738.000
10049	737.000
10006	738.100
10028	738.900
10044	739.200
10001	739.900
10007	739.600
10035	740.900
10002	741.700
10014	741.600
10023	741.700
10031	741.600
10034	741.600
10042	742.200
10043	741.800
10012	742.700
10003	744.300
10005	745.400
10024	745.400
10032	745.500
10048	744.900
10033	747.000
10008	747.800
10050	748.400
10016	748.800
10013	751.400
10039	751.300
10045	751.700
10020	753.200
10011	755.100
10029	755.800
10038	755.000
10019	758.400
10015	759.300
10037	759.500
10017	760.700
10026	761.500
10036	760.900
10047	761.300
10004	763.300
10025	762.100
10034	762.900
10046	762.400
10022	764.400
10021	768.900
10041	768.900
10001	770.700
10002	770.700
10009	770.000
10014	770.300
10018	770.400
10028	770.500
10035	771.000
10042	770.000
10049	770.100
10003	771.700
10010	771.100
10024	772.200
10006	775.100
10023	774.700
10038	775.400
10040	774.300
10050	775.400
10008	776.900
10044	777.000
10016	778.700
10029	779.900
10030	778.700
10045	779.100
10027	781.400
10043	780.600
10005	782.500
10020	784.200
10048	784.200
10012	784.800
10032	785.400
10046	787.400
10033	788.200
10034	788.100
10037	789.000
10039	788.000
10019	789.600
10007	791.900
10017	792.700
10011	795.200
10013	795.300
10047	795.200
10004	797.000
10028	797.800
10031	796.700
10036	796.700
10009	799.400
10015	798.800
10018	798.900
10042	798.800
10022	800.300
10026	800.500
10038	802.400
10024	802.900
10041	803.800
10021	804.400
10010	806.900
10023	806.300
10025	806.100
10049	806.000
10050	806.800
10002	807.600
10003	808.000
10014	807.200
10035	807.900
10040	807.700
10030	808.600
10043	809.900
10044	809.200
10006	810.400
10001	812.700
10012	813.900
10016	814.700
10029	815.100
10020	816.100
10045	816.900
10046	816.600
10048	816.900
10005	820.000
10027	819.200
10034	819.300
10032	821.600
10008	822.300
10011	823.500
10037	823.800
10019	825.400
10028	825.500
10010	826.700
10017	828.600
10047	829.000
10015	831.000
10018	830.900
10036	830.200
10039	830.600
10007	832.300
10009	832.400
10004	833.100
10013	833.600
10022	832.600
10038	832.700
10042	833.600
10021	834.500
10024	834.900
10026	835.800
10049	837.900
10003	839.000
10012	839.400
10023	839.100
10029	839.500
10040	839.900
10041	838.600
10050	839.500
10033	841.300
10045	841.200
10030	842.700
10035	841.600
10002	844.200
10014	844.100
10025	844.000
10020	847.500
10034	847.000
10006	847.700
10027	848.900
10031	847.700
10011	851.700
10044	851.400
10047	852.700
10048	853.200
10022	855.400
10032	856.000
10019	857.100
10046	857.400
10028	858.900
10043	858.500
10008	859.700
10017	860.500
10018	860.600
10004	863.500
10010	863.000
10013	862.700
10035	863.300
10007	864.200
10016	864.900
10037	864.300
10003	866.200
10015	866.100
10025	866.400
10036	865.900
10042	866.400
10001	868.100
10021	867.100
10023	868.400
10040	867.600
10024	869.500
10026	869.800
10029	869.100
10033	869.700
10049	868.600
10050	869.000
10009	870.100
10012	870.200
10041	872.300
10045	872.300
10039	873.700
10005	877.300
10034	876.400
10038	876.800
10014	878.900
10030	877.900
10044	878.200
10019	879.500
10027	881.100
10020	883.200
10006	884.100
10022	885.700
10031	886.400
10032	885.400
10002	887.200
10048	888.000
10007	890.500
10015	890.100
10047	890.500
10036	891.400
10028	892.900
10035	894.000
10046	892.600
10004	895.500
10008	894.500
10010	895.200
10017	895.100
10018	894.700
10011	895.900
10026	896.900
10043	896.300
10029	898.500
10016	899.300
10037	899.800
10003	900.800
10021	901.400
10025	900.700
10001	903.000
10013	902.700
10045	902.300
10049	902.600
10040	904.100
10009	907.200
10033	907.000
10039	907.300
10005	908.800
10042	908.400
10050	907.900
10041	909.700
10024	911.700
10044	910.800
10012	913.500
10019	913.000
10006	914.500
10027	914.700
10030	914.300
10048	914.600
10022	916.300
10047	915.600
10015	917.500
10020	917.600
10023	918.300
10002	922.400
10007	921.200
10031	921.600
10038	921.300
10014	923.900
10034	927.000
10046	926.300
10001	927.700
10004	927.100
10017	928.000
10025	927.400
10016	929.700
10035	928.900
10036	928.600
10008	931.300
10018	930.600
10028	930.600
10010	932.300
10029	931.700
10032	933.900
10040	933.400
10013	935.200
10021	935.000
10037	935.400
10049	935.400
10043	937.200
10045	937.000
10024	938.800
10050	939.000
10009	940.000
10033	939.100
10026	944.300
10030	944.700
10006	945.200
10041	946.900
10003	948.700
10005	948.100
10011	950.700
10019	950.000
10044	950.400
10048	949.800
10012	951.500
10039	952.000
10015	954.000
10022	953.000
10047	953.300
10002	954.900
10020	954.600
10023	955.500
10036	955.100
10038	954.100
10031	956.900
10040	955.600
10049	959.000
10021	960.800
10033	960.400
10043	960.800
10035	961.900
10004	964.000
10008	964.200
10009	963.900
10014	963.200
10028	963.200
10029	963.800
10016	965.900
10025	965.800
10018	967.000
10024	966.600
10034	967.300
10042	967.100
10045	967.400
10013	967.700
10050	968.400
10017	970.200
10037	969.300
10027	971.100
10001	973.700
10010	973.600
10019	974.100
10026	976.500
10032	976.400
10007	976.900
10030	976.900
10006	978.700
10046	978.500
10003	979.900
10005	979.900
10012	981.300
10048	982.800
10038	984.600
10039	984.800
10047	984.100
10011	985.900
10014	986.100
10022	986.800
10041	985.600
10044	985.800
10020	987.800
10035	987.600
10021	989.400
10015	990.400
10009	992.000
10036	992.900
10023	993.300
10024	994.100
10043	993.300
10027	995.800
10029	995.200
10002	996.600
10016	996.100
10050	996.300
10007	998.700
10031	997.900
10040	998.300
10049	998.000
